465 465
2 1 0
1002 1 2
1002 1001 531
2002 1 4
2002 1001 1595
2002 2001 2137
3002 1 6
3002 1001 2892
3002 2001 4300
3002 3001 4825
4002 1 9
4002 1001 3794
4002 2001 6454
4002 3001 8200
4002 4001 8541
5002 1 10
5002 1001 4823
5002 2001 8524
5002 3001 11340
5002 4001 12786
5002 5001 13349
6002 1 12
6002 1001 5910
6002 2001 10733
6002 3001 14460
6002 4001 17275
6002 5001 18990
6002 6001 19373
7002 1 13
7002 1001 6983
7002 2001 12943
7002 3001 17616
7002 4001 21528
7002 5001 24026
7002 6001 25844
7002 7001 26647
8002 1 15
8002 1001 8161
8002 2001 15329
8002 3001 21074
8002 4001 25743
8002 5001 29571
8002 6001 31984
8002 7001 37832
8002 8001 34374
9002 1 20
9002 1001 9179
9002 2001 17357
9002 3001 24346
9002 4001 30485
9002 5001 35568
9002 6001 39047
9002 7001 41903
9002 8001 43730
9002 9001 44405
10002 1 21
10002 1001 10233
10002 2001 19419
10002 3001 27882
10002 4001 34743
10002 5001 40561
10002 6001 45372
10002 7001 51672
10002 8001 52714
10002 9001 54004
10002 10001 54848
11002 1 22
11002 1001 11581
11002 2001 22021
11002 3001 31244
11002 4001 39626
11002 5001 46902
11002 6001 51813
11002 7001 56711
11002 8001 59977
11002 9001 62931
11002 10001 64254
11002 11001 64658
12002 1 23
12002 1001 12364
12002 2001 23575
12002 3001 33978
12002 4001 44519
12002 5001 52508
12002 6001 58431
12002 7001 63977
12002 8001 68711
12002 9001 72528
12002 10001 74723
12002 11001 76300
12002 12001 76787
13002 1 25
13002 1001 13509
13002 2001 27672
13002 3001 37064
13002 4001 47265
13002 5001 56142
13002 6001 64385
13002 7001 71638
13002 8001 77621
13002 9001 82246
13002 10001 89847
13002 11001 88682
13002 12001 89929
13002 13001 90106
14002 1 27
14002 1001 14437
14002 2001 27832
14002 3001 40241
14002 4001 51266
14002 5001 61427
14002 6001 72119
14002 7001 78978
14002 8001 85199
14002 9001 91153
14002 10001 95456
14002 11001 99362
14002 12001 101926
14002 13001 103449
14002 14001 103932
15002 1 29
15002 1001 15537
15002 2001 30076
15002 3001 45327
15002 4001 56631
15002 5001 66634
15002 6001 76541
15002 7001 85654
15002 8001 93769
15002 9001 101015
15002 10001 106437
15002 11001 112539
15002 12001 114531
15002 13001 118053
15002 14001 122367
15002 15001 121272
16002 1 30
16002 1001 16632
16002 2001 32095
16002 3001 46828
16002 4001 59779
16002 5001 72009
16002 6001 83551
16002 7001 93891
16002 8001 103200
16002 9001 111167
16002 10001 117357
16002 11001 123322
16002 12001 128759
16002 13001 132173
16002 14001 134794
16002 15001 135903
16002 16001 135991
17002 1 32
17002 1001 17643
17002 2001 34209
17002 3001 49806
17002 4001 64238
17002 5001 77359
17002 6001 89828
17002 7001 101863
17002 8001 111320
17002 9001 120126
17002 10001 127837
17002 11001 135079
17002 12001 140670
17002 13001 145537
17002 14001 149300
17002 15001 151423
17002 16001 155322
17002 17001 153724
18002 1 34
18002 1001 18776
18002 2001 36241
18002 3001 52874
18002 4001 68568
18002 5001 82812
18002 6001 96019
18002 7001 107885
18002 8001 119667
18002 9001 130721
18002 10001 138780
18002 11001 146696
18002 12001 153516
18002 13001 159378
18002 14001 165170
18002 15001 168065
18002 16001 170616
18002 17001 174077
18002 18001 172449
19002 1 36
19002 1001 19786
19002 2001 39716
19002 3001 56762
19002 4001 72869
19002 5001 88227
19002 6001 102549
19002 7001 115799
19002 8001 128356
19002 9001 139132
19002 10001 148793
19002 11001 158121
19002 12001 165902
19002 13001 172802
19002 14001 178812
19002 15001 183198
19002 16001 187019
19002 17001 189714
19002 18001 191360
19002 19001 191614
20002 1 38
20002 1001 20817
20002 2001 40560
20002 3001 59161
20002 4001 77115
20002 5001 92902
20002 6001 108983
20002 7001 123222
20002 8001 136802
20002 9001 148804
20002 10001 160324
20002 11001 170144
20002 12001 179049
20002 13001 187015
20002 14001 193997
20002 15001 200353
20002 16001 203769
20002 17001 208874
20002 18001 210359
20002 19001 214005
20002 20001 212792
21002 1 39
21002 1001 24879
21002 2001 42793
21002 3001 62608
21002 4001 81126
21002 5001 98958
21002 6001 117493
21002 7001 132067
21002 8001 145119
21002 9001 157943
21002 10001 169958
21002 11001 181305
21002 12001 191496
21002 13001 200278
21002 14001 208391
21002 15001 215302
21002 16001 221459
21002 17001 227675
21002 18001 229805
21002 19001 232072
21002 20001 233646
21002 21001 234378
22002 1 41
22002 1001 23010
22002 2001 45476
22002 3001 66082
22002 4001 85826
22002 5001 104279
22002 6001 122162
22002 7001 138212
22002 8001 157123
22002 9001 168448
22002 10001 181271
22002 11001 193376
22002 12001 204665
22002 13001 215558
22002 14001 224172
22002 15001 231559
22002 16001 238061
22002 17001 243518
22002 18001 248931
22002 19001 252768
22002 20001 254891
22002 21001 257869
22002 22001 258124
23002 1 44
23002 1001 24159
23002 2001 47539
23002 3001 69121
23002 4001 89399
23002 5001 109561
23002 6001 127854
23002 7001 145139
23002 8001 161870
23002 9001 176966
23002 10001 191111
23002 11001 204342
23002 12001 217177
23002 13001 227919
23002 14001 238284
23002 15001 246806
23002 16001 254839
23002 17001 261935
23002 18001 272632
23002 19001 276744
23002 20001 276481
23002 21001 283474
23002 22001 285293
23002 23001 285996
24002 1 46
24002 1001 25524
24002 2001 50054
24002 3001 72881
24002 4001 94626
24002 5001 115679
24002 6001 137583
24002 7001 165670
24002 8001 182650
24002 9001 195265
24002 10001 208789
24002 11001 225816
24002 12001 236656
24002 13001 249653
24002 14001 258507
24002 15001 268238
24002 16001 283862
24002 17001 289729
24002 18001 292034
24002 19001 297301
24002 20001 306836
24002 21001 305740
24002 22001 309494
24002 23001 310803
24002 24001 312352
25002 1 48
25002 1001 26528
25002 2001 51720
25002 3001 76105
25002 4001 99308
25002 5001 121029
25002 6001 140862
25002 7001 161315
25002 8001 181835
25002 9001 196300
25002 10001 212641
25002 11001 228104
25002 12001 242618
25002 13001 255807
25002 14001 268236
25002 15001 279895
25002 16001 290005
25002 17001 298379
25002 18001 307069
25002 19001 313424
25002 20001 319194
25002 21001 323895
25002 22001 327427
25002 23001 330886
25002 24001 333132
25002 25001 334275
26002 1 49
26002 1001 27255
26002 2001 53364
26002 3001 79468
26002 4001 102559
26002 5001 125753
26002 6001 149428
26002 7001 167719
26002 8001 191935
26002 9001 206902
26002 10001 223938
26002 11001 241644
26002 12001 254965
26002 13001 269357
26002 14001 283380
26002 15001 295228
26002 16001 305754
26002 17001 316353
26002 18001 325271
26002 19001 333069
26002 20001 339856
26002 21001 348567
26002 22001 350591
26002 23001 354091
26002 24001 356884
26002 25001 358482
26002 26001 359258
27002 1 51
27002 1001 28320
27002 2001 55564
27002 3001 81615
27002 4001 106480
27002 5001 130397
27002 6001 153185
27002 7001 176063
27002 8001 196203
27002 9001 216063
27002 10001 234582
27002 11001 254349
27002 12001 268781
27002 13001 283717
27002 14001 301898
27002 15001 313131
27002 16001 322968
27002 17001 333899
27002 18001 345080
27002 19001 354032
27002 20001 360906
27002 21001 371259
27002 22001 378435
27002 23001 380504
27002 24001 383937
27002 25001 386741
27002 26001 390592
27002 27001 386852
28002 1 53
28002 1001 29434
28002 2001 58964
28002 3001 84999
28002 4001 110961
28002 5001 136982
28002 6001 161266
28002 7001 182903
28002 8001 203889
28002 9001 224452
28002 10001 244112
28002 11001 262521
28002 12001 279753
28002 13001 296507
28002 14001 312423
28002 15001 325790
28002 16001 339310
28002 17001 352170
28002 18001 364428
28002 19001 376618
28002 20001 385393
28002 21001 393261
28002 22001 400837
28002 23001 414915
28002 24001 415032
28002 25001 415795
28002 26001 422068
28002 27001 425222
28002 28001 424245
29002 1 56
29002 1001 32399
29002 2001 60600
29002 3001 89043
29002 4001 123402
29002 5001 144406
29002 6001 170822
29002 7001 192417
29002 8001 217119
29002 9001 241744
29002 10001 259053
29002 11001 277095
29002 12001 296895
29002 13001 312892
29002 14001 329862
29002 15001 343868
29002 16001 359458
29002 17001 373804
29002 18001 387869
29002 19001 398294
29002 20001 405836
29002 21001 415931
29002 22001 421256
29002 23001 427920
29002 24001 433532
29002 25001 443397
29002 26001 448448
29002 27001 448586
29002 28001 447265
29002 29001 448993
2 1 1
1002 1 0
1002 1001 1
2002 1 0
2002 1001 1
2002 2001 2
3002 1 0
3002 1001 2
3002 2001 3
3002 3001 3
4002 1 0
4002 1001 2
4002 2001 3
4002 3001 5
4002 4001 4
5002 1 0
5002 1001 1
5002 2001 3
5002 3001 5
5002 4001 7
5002 5001 9
6002 1 0
6002 1001 2
6002 2001 3
6002 3001 6
6002 4001 7
6002 5001 9
6002 6001 11
7002 1 0
7002 1001 2
7002 2001 4
7002 3001 6
7002 4001 7
7002 5001 9
7002 6001 7
7002 7001 13
8002 1 0
8002 1001 2
8002 2001 4
8002 3001 6
8002 4001 5
8002 5001 9
8002 6001 11
8002 7001 8
8002 8001 15
9002 1 0
9002 1001 2
9002 2001 4
9002 3001 4
9002 4001 7
9002 5001 6
9002 6001 11
9002 7001 13
9002 8001 15
9002 9001 17
10002 1 0
10002 1001 2
10002 2001 4
10002 3001 6
10002 4001 7
10002 5001 9
10002 6001 11
10002 7001 13
10002 8001 15
10002 9001 17
10002 10001 12
11002 1 0
11002 1001 2
11002 2001 4
11002 3001 5
11002 4001 8
11002 5001 6
11002 6001 11
11002 7001 13
11002 8001 15
11002 9001 11
11002 10001 19
11002 11001 13
12002 1 0
12002 1001 2
12002 2001 4
12002 3001 5
12002 4001 8
12002 5001 9
12002 6001 11
12002 7001 13
12002 8001 15
12002 9001 17
12002 10001 19
12002 11001 21
12002 12001 22
13002 1 0
13002 1001 2
13002 2001 4
13002 3001 5
13002 4001 8
13002 5001 6
13002 6001 12
13002 7001 13
13002 8001 15
13002 9001 11
13002 10001 12
13002 11001 21
13002 12001 23
13002 13001 24
14002 1 0
14002 1001 2
14002 2001 4
14002 3001 5
14002 4001 8
14002 5001 10
14002 6001 12
14002 7001 14
14002 8001 15
14002 9001 17
14002 10001 19
14002 11001 21
14002 12001 14
14002 13001 25
14002 14001 27
15002 1 0
15002 1001 2
15002 2001 3
15002 3001 6
15002 4001 8
15002 5001 10
15002 6001 11
15002 7001 13
15002 8001 15
15002 9001 17
15002 10001 19
15002 11001 21
15002 12001 14
15002 13001 25
15002 14001 27
15002 15001 28
16002 1 0
16002 1001 2
16002 2001 4
16002 3001 6
16002 4001 7
16002 5001 10
16002 6001 11
16002 7001 13
16002 8001 16
16002 9001 11
16002 10001 19
16002 11001 21
16002 12001 23
16002 13001 16
16002 14001 27
16002 15001 18
16002 16001 30
17002 1 0
17002 1001 3
17002 2001 4
17002 3001 6
17002 4001 8
17002 5001 9
17002 6001 11
17002 7001 14
17002 8001 10
17002 9001 11
17002 10001 19
17002 11001 21
17002 12001 23
17002 13001 25
17002 14001 17
17002 15001 29
17002 16001 31
17002 17001 32
18002 1 0
18002 1001 3
18002 2001 3
18002 3001 7
18002 4001 8
18002 5001 10
18002 6001 12
18002 7001 14
18002 8001 15
18002 9001 17
18002 10001 19
18002 11001 21
18002 12001 23
18002 13001 25
18002 14001 27
18002 15001 29
18002 16001 31
18002 17001 20
18002 18001 34
19002 1 0
19002 1001 2
19002 2001 4
19002 3001 7
19002 4001 8
19002 5001 10
19002 6001 12
19002 7001 14
19002 8001 15
19002 9001 18
19002 10001 19
19002 11001 14
19002 12001 23
19002 13001 25
19002 14001 17
19002 15001 28
19002 16001 30
19002 17001 32
19002 18001 34
19002 19001 23
20002 1 0
20002 1001 2
20002 2001 4
20002 3001 6
20002 4001 6
20002 5001 10
20002 6001 8
20002 7001 14
20002 8001 16
20002 9001 18
20002 10001 19
20002 11001 14
20002 12001 23
20002 13001 25
20002 14001 27
20002 15001 29
20002 16001 19
20002 17001 32
20002 18001 34
20002 19001 36
20002 20001 38
21002 1 0
21002 1001 3
21002 2001 4
21002 3001 6
21002 4001 8
21002 5001 9
21002 6001 13
21002 7001 13
21002 8001 15
21002 9001 18
21002 10001 20
21002 11001 14
21002 12001 23
21002 13001 16
21002 14001 27
21002 15001 29
21002 16001 31
21002 17001 32
21002 18001 21
21002 19001 36
21002 20001 37
21002 21001 39
22002 1 0
22002 1001 3
22002 2001 4
22002 3001 6
22002 4001 8
22002 5001 10
22002 6001 12
22002 7001 9
22002 8001 16
22002 9001 18
22002 10001 21
22002 11001 21
22002 12001 24
22002 13001 25
22002 14001 26
22002 15001 29
22002 16001 31
22002 17001 20
22002 18001 22
22002 19001 28
22002 20001 38
22002 21001 40
22002 22001 42
23002 1 0
23002 1001 3
23002 2001 4
23002 3001 6
23002 4001 8
23002 5001 10
23002 6001 12
23002 7001 14
23002 8001 16
23002 9001 12
23002 10001 19
23002 11001 21
23002 12001 23
23002 13001 26
23002 14001 27
23002 15001 29
23002 16001 30
23002 17001 33
23002 18001 35
23002 19001 37
23002 20001 38
23002 21001 40
23002 22001 26
23002 23001 44
24002 1 0
24002 1001 3
24002 2001 4
24002 3001 5
24002 4001 6
24002 5001 11
24002 6001 13
24002 7001 14
24002 8001 16
24002 9001 18
24002 10001 19
24002 11001 21
24002 12001 15
24002 13001 25
24002 14001 27
24002 15001 29
24002 16001 31
24002 17001 32
24002 18001 34
24002 19001 37
24002 20001 24
24002 21001 40
24002 22001 42
24002 23001 44
24002 24001 46
25002 1 0
25002 1001 2
25002 2001 5
25002 3001 7
25002 4001 8
25002 5001 10
25002 6001 9
25002 7001 14
25002 8001 16
25002 9001 12
25002 10001 20
25002 11001 22
25002 12001 15
25002 13001 25
25002 14001 27
25002 15001 19
25002 16001 30
25002 17001 33
25002 18001 35
25002 19001 36
25002 20001 40
25002 21001 26
25002 22001 26
25002 23001 44
25002 24001 45
25002 25001 47
26002 1 0
26002 1001 3
26002 2001 5
26002 3001 6
26002 4001 8
26002 5001 11
26002 6001 11
26002 7001 15
26002 8001 15
26002 9001 17
26002 10001 13
26002 11001 14
26002 12001 15
26002 13001 25
26002 14001 27
26002 15001 29
26002 16001 20
26002 17001 33
26002 18001 34
26002 19001 23
26002 20001 39
26002 21001 40
26002 22001 42
26002 23001 44
26002 24001 29
26002 25001 49
26002 26001 50
27002 1 0
27002 1001 2
27002 2001 6
27002 3001 5
27002 4001 6
27002 5001 10
27002 6001 12
27002 7001 13
27002 8001 16
27002 9001 12
27002 10001 19
27002 11001 22
27002 12001 24
27002 13001 26
27002 14001 27
27002 15001 30
27002 16001 32
27002 17001 32
27002 18001 22
27002 19001 36
27002 20001 24
27002 21001 40
27002 22001 43
27002 23001 47
27002 24001 46
27002 25001 30
27002 26001 51
27002 27001 52
28002 1 0
28002 1001 3
28002 2001 4
28002 3001 7
28002 4001 9
28002 5001 11
28002 6001 13
28002 7001 14
28002 8001 17
28002 9001 19
28002 10001 20
28002 11001 21
28002 12001 15
28002 13001 26
28002 14001 28
28002 15001 19
28002 16001 32
28002 17001 33
28002 18001 36
28002 19001 23
28002 20001 39
28002 21001 29
28002 22001 42
28002 23001 44
28002 24001 46
28002 25001 48
28002 26001 50
28002 27001 50
28002 28001 34
29002 1 0
29002 1001 4
29002 2001 4
29002 3001 6
29002 4001 8
29002 5001 10
29002 6001 13
29002 7001 13
29002 8001 16
29002 9001 19
29002 10001 19
29002 11001 21
29002 12001 24
29002 13001 26
29002 14001 28
29002 15001 29
29002 16001 31
29002 17001 33
29002 18001 23
29002 19001 23
29002 20001 39
29002 21001 26
29002 22001 42
29002 23001 44
29002 24001 46
29002 25001 49
29002 26001 51
29002 27001 52
29002 28001 54
29002 29001 35
